           1   70.696121249421040                9
           2   70.745496150525312                9
           3   70.745496150525312                9
           4   70.708608717855171                9
           5   70.737136556122465                9
           6   70.793344419965180                9
           7   70.780406673682762                9
           8   70.769617400426469                9
           9   68.923662715594602                8
          10   68.931458866951445                8
          11   68.949606817431359                8
          12   69.015824220297958                8
          13   68.997176340402476                8
          14   68.696463679232082                8
          15   70.721720194194631                9
          16   70.737818208612623                9
          17   70.809384193530278                9
          18   70.793841675949764                9
          19   70.733582544551368                9
          20   70.751876020182252                9
          21   70.754367912475161                9
          22   70.767930180241891                9
          23   70.530582726766454                9
          24   70.683126123839614                9
          25   70.699418582561549                9
          26   70.547378248985268                9
          27   70.536581983178948                9
          28   70.562318654189539                9
          29   70.585877056392647                9
          30   70.448491716624289                9
          31   70.430942676135260                9
          32   70.600324393458166                9
          33   70.511228436856825                9
          34   70.472308804155617                9
          35   70.480324264774026                9
          36   70.550148069558034                9
          37   70.576094491877768                9
          38   70.705539754818659                9
          39   70.705539754818659                9
          40   70.602040913419103                9
          41   70.457404546918639                9
          42   70.550502851606055                9
          43   70.470354702859993                9
          44   70.584886212014723                9
          45   70.623880814750976                9
          46   70.593842657430841                9
          47   70.747068740870716                9
          48   70.584764123439513                9
          49   70.802723513096907                9
          50   70.783444027050450                9
          51   70.816614512125881                9
          52   70.780124513178933                9
          53   70.813015617982145                9
          54   70.629528820823211                9
          55   70.699532672552309                9
          56   70.801788144634287                9
          57   70.744637650045576                9
          58   70.704989693720819                9
          59   70.647161314092614                9
          60   70.556987832856123                9
          61   70.783665865765286                9
          62   70.774430283875745                9
          63   70.788379488144400                9
          64   70.724749958233886                9
          65   70.792823827071217                9
          66   70.792823827071217                9
          67   70.806887667319316                9
          68   70.825619102473340                9
          69   70.794219178066712                9
          70   70.717797549964388                9
          71   70.665883861910686                9
          72   70.624399247331752                9
          73   70.640960546120311                9
          74   70.725234521266742                9
          75   70.746225226719119                9
          76   70.555037395446007                9
          77   70.583562631672720                9
          78   70.616089943334842                9
          79   70.549577839416941                9
          80   70.549577839416941                9
          81   70.585546306159856                9
          82   70.636712227711357                9
          83   70.668985074944658                9
          84   70.729181052756871                9
          85   70.752445791981856                9
          86   70.689861824547251                9
          87   70.639080578212770                9
          88   70.603370569130632                9
          89   70.527433536707235                9
          90   70.487178031017876                9
          91   70.487178031017876                9
          92   70.589067702259243                9
          93   70.576418594230788                9
          94   70.583562631672720                9
          95   70.344389447107048                9
          96   70.523523461827580                9
          97   68.802247802095934                8
          98   68.875291935760629                8
          99   68.992421270116466                8
         100   68.951812014079465                8
         101   68.243455894146834                8
         102   68.586437217645198                8
         103   68.719019558923179                8
         104   68.677931618804919                8
         105   68.712816813266912                8
         106   68.714680885639126                8
         107   68.769196012165338                8
         108   68.837450334589661                8
         109   68.842473057713008                8
         110   68.828513417910628                8
         111   68.882168087883358                8
         112   68.798421993660511                8
         113   68.833433595312229                8
         114   68.132230761651087                8
         115   68.194577160739712                8
         116   68.544643277793611                8
         117   68.534253570582607                8
         118   68.591797654466177                8
         119   68.634986278916898                8
         120   68.530273673701188                8
         121   68.577914236723331                8
         122   68.438003928105843                8
         123   68.337560165499909                8
         124   68.392298401656902                8
         125   67.944636653609734                8
         126   67.984655320716612                8
         127   67.811245180245123                8
         128   68.365698590424245                8
         129   68.148906429021281                8
         130   68.493188249618981                8
         131   68.172416372695380                8
         132   68.204498839240600                8
         133   68.120415533202305                8
         134   67.827706400348774                8
         135   68.077333333414714                8
         136   67.698194164717250                8
         137   68.052400148724345                8
         138   67.684700728669796                8
         139   69.563979423124778                8
         140   69.259938234536705                8
         141   67.587046150709909                8
         142   67.570801414966624                8
         143   68.185625090323285                8
         144   69.445599484936537                8
         145   69.533464299996695                8
         146   69.726294286445039                8
         147   69.802313143341209                8
         148   69.902569769124611                8
         149   69.848891567958802                8
         150   69.441109471064848                8
         151   69.584950838802769                8
         152   69.813089946354836                8
         153   70.074129847495101                9
         154   68.397419912311676                8
         155   68.464679086715464                8
         156   68.587054160902568                8
         157   68.570114247793128                8
         158   68.608446561807028                8
         159   68.395338698609436                8
         160   68.527844341240751                8
         161   70.144611032564271                9
         162   70.241790734338309                9
         163   70.240343870856634                9
         164   70.237362143681395                9
         165   70.286959478575312                9
         166   70.286776185342646                9
         167   70.296180807592037                9
         168   70.364312737028612                9
         169   70.409911696332472                9
         170   70.399409541022024                9
         171   70.147820810750474                9
         172   70.243895437642237                9
         173   68.816154674288072                8
         174   69.037020373567344                8
         175   69.056876237468671                8
         176   69.001298801635926                8
         177   68.982143517369011                8
         178   69.075222302988806                8
         179   69.064509742446319                8
         180   70.577256500658223                9
         181   70.353003049475916                9
         182   70.333331658725470                9
         183   68.490562179046336                8
         184   68.509737584541526                8
         185   68.771775618268379                8
         186   68.715100282748381                8
         187   68.752045003692189                8
         188   68.895348565070535                8
         189   68.812018870190514                8
         190   68.749499096012727                8
         191   68.799254164096325                8
         192   68.663459660972762                8
         193   68.588202614584119                8
         194   68.567622524950266                8
         195   68.785424131697638                8
         196   68.774382292598887                8
         197   68.462252314534538                8
         198   68.171222100143254                8
         199   68.382081463056863                8
         200   68.349727472876182                8
         201   68.410873049941415                8
         202   70.250933315956814                9
         203   70.298549333703022                9
         204   70.265170162008090                9
         205   70.276313701547807                9
         206   70.142766707055088                9
         207   70.142705294200923                9
         208   70.195778453406589                9
         209   70.225249159059956                9
         210   70.260665471971635                9
         211   70.285990632912657                9
         212   70.319009064027696                9
         213   70.358689628502930                9
         214   70.224068081437636                9
         215   70.166427739866307                9
         216   70.091456080645671                9
         217   70.116308329454924                9
         218   70.070927778876339                9
         219   69.994275522278599                8
         220   70.019580328352049                9
         221   70.066699144712160                9
         222   70.031975029944206                9
         223   70.065373234725286                9
         224   70.085900759549190                9
         225   70.049010848441839                9
         226   70.036257872121112                9
         227   69.981040775665861                8
         228   69.935908334266699                8
         229   70.053225829697112                9
         230   70.021903864369250                9
         231   70.105366939038007                9
         232   70.135005321004584                9
         233   70.083112477143501                9
         234   70.031219634060832                9
         235   70.125564471809412                9
         236   70.113176034051691                9
         237   70.203013525451510                9
         238   70.176600220210744                9
         239   70.176600220210744                9
         240   70.125279826090136                9
         241   70.176803106662234                9
         242   70.227635969377630                9
         243   70.303406768072151                9
         244   70.384482706347768                9
         245   70.338153574094065                9
         246   70.325485084841475                9
         247   70.241207206797725                9
         248   70.228326387234333                9
         249   70.241207206797725                9
         250   70.214002533793249                9
         251   70.199871375247142                9
         252   70.251764219108210                9
         253   70.196613880189034                9
         254   70.222684434468405                9
         255   70.277710640649573                9
         256   70.292730487369838                9
         257   70.304598773323875                9
         258   70.318291132789639                9
         259   70.365268803498367                9
         260   70.365268803498367                9
         261   70.317541093478667                9
         262   70.317541093478667                9
         263   70.317541093478667                9
         264   70.317541093478667                9
         265   70.287860820557924                9
         266   70.303657062969279                9
         267   70.053225829697112                9
         268   70.053225829697112                9
         269   70.083112477143501                9
         270   70.151635115016987                9
         271   70.176600220210744                9
         272   70.211468683848310                9
         273   70.149393497260590                9
         274   70.113176034051691                9
         275   70.100356340909372                9
         276   70.031219634060832                9
         277   69.904024332971318                8
         278   70.036257872121112                9
         279   70.074528722642512                9
         280   70.073202212616437                9
         281   70.140267748154798                9
         282   67.978313387248548                8
         283   68.154446094285447                8
         284   68.304774598692092                8
         285   68.529919356350632                8
         286   67.776831658444280                8
         287   67.897744418592168                8
         288   68.102581170536808                8
         289   67.982363271768648                8
         290   70.171008096227993                9
         291   70.221505381314088                9
         292   69.796523385672742                8
         293   69.613975414780739                8
         294   69.624149619676132                8
         295   69.826205887054542                8
         296   69.997507091580331                8
         297   70.095704988597305                9
         298   69.984311807448023                8
         299   69.985839154388529                8
         300   69.924874366153503                8
         301   69.873922498703536                8
         302   69.929014572032330                8
         303   69.817327486499480                8
         304   69.791145995229030                8
         305   69.685151490830890                8
         306   69.902005659461835                8
         307   69.919192674014411                8
         308   69.900780979126651                8
         309   69.892617875995072                8
         310   69.847503557017248                8
         311   69.742381525542299                8
         312   69.702342350662377                8
         313   69.571765637328397                8
         314   69.782393848793220                8
         315   70.074294767474740                9
         316   70.020655180071515                9
         317   70.133899483099412                9
         318   70.212862841713743                9
         319   70.192928885695949                9
         320   70.212862841713743                9
         321   70.036820020628795                9
         322   69.850982243976659                8
         323   69.782594470110453                8
         324   69.727884250525108                8
         325   69.673174030939776                8
         326   69.626741742800135                8
         327   69.794187364824595                8
         328   69.823375991913011                8
         329   69.919192674014411                8
         330   69.892617875995072                8
         331   70.015454445177909                9
         332   69.969512962049620                8
         333   69.809299365809196                8
         334   69.641220482901858                8
         335   69.674288227449182                8
         336   69.799606081731596                8
         337   67.695832019521447                8
         338   67.753869728998609                8
         339   67.553217250032503                8
         340   69.918984672621832                8
         341   69.738520161639940                8
         342   69.920216949633712                8
         343   67.826108409654097                8
         344   67.841859110574532                8
         345   67.963378827056772                8
         346   67.827404222856828                8
         347   67.519850491798152                8
         348   67.527642541217830                8
         349   67.032672956468687                8
         350   67.502676378915751                8
         351   67.512231944595712                8
         352   67.730350140665564                8
         353   67.712998580327735                8
         354   67.926232783608810                8
         355   67.971183238113937                8
         356   68.119711702599730                8
         357   68.186325555115303                8
         358   68.119298484147023                8
         359   68.078639163221553                8
         360   68.107356877097573                8
         361   68.331674705320978                8
         362   68.321835463593175                8
         363   69.672369425906638                8
         364   69.704476964007341                8
         365   67.784550705735739                8
         366   67.816115800316993                8
         367   67.913254359372004                8
         368   67.871350515727258                8
         369   67.923547058300869                8
         370   68.026383369523174                8
         371   68.042763056475152                8
         372   67.960114155099902                8
         373   66.637657797032972                8
         374   67.301652773697299                8
         375   67.903005019306704                8
         376   67.297841968100613                8
         377   67.562124203630290                8
         378   67.363128006883244                8
         379   67.945670290775269                8
         380   69.112930868462882                8
         381   68.973391004820044                8
         382   67.244391640300123                8
         383   67.330021868538054                8
         384   67.466920647177375                8
         385   67.545943537464950                8
         386   67.776567641391054                8
         387   67.581034645023649                8
         388   67.525385942302492                8
         389   68.218229008347208                8
         390   68.153084324707820                8
         391   68.259467750176341                8
         392   68.208904642885670                8
         393   68.224973055895362                8
         394   68.328221012768381                8
         395   69.673948848206365                8
         396   69.754402376577772                8
         397   69.738067520035855                8
         398   69.833299445158431                8
         399   69.869032909030935                8
         400   69.808824126824959                8
         401   70.275917477125915                9
         402   70.177730639823494                9
         403   70.289611823083291                9
         404   70.256348611461277                9
         405   70.278605324440818                9
         406   70.327748568939100                9
         407   70.339336793669617                9
         408   70.272072499726946                9
         409   70.264090867165748                9
         410   70.194484555480543                9
         411   70.255109750937294                9
